1 0.001381
2 0.001329
3 0.001303
4 0.001305
5 0.001292
6 0.001285
7 0.001300
8 0.001307
9 0.001313
10 0.001327
11 0.001336
12 0.001353
13 0.001377
14 0.001381
15 0.001383
16 0.001395
17 0.001375
18 0.001403
19 0.001355
20 0.001413
21 0.001376
22 0.001415
23 0.001410
24 0.001430
25 0.001453
26 0.001460
27 0.001518
28 0.001556
29 0.001705
30 0.001798
31 0.001724
32 0.001693
33 0.001743
34 0.001761
35 0.001886
36 0.001729
37 0.001673
38 0.001856
39 0.001771
40 0.001667
41 0.001646
42 0.001674
43 0.001685
44 0.001754
45 0.001852
46 0.001817
47 0.001754
48 0.001772
49 0.001840
50 0.001803
51 0.001820
52 0.001869
53 0.001968
54 0.001963
55 0.001982
56 0.002119
57 0.002005
58 0.002182
59 0.001966
60 0.002024
61 0.002000
62 0.002010
63 0.002061
64 0.002682
65 0.002449
66 0.002199
67 0.002130
68 0.002089
69 0.002261
70 0.002241
71 0.002325
72 0.002431
73 0.002314
74 0.002235
75 0.002272
76 0.002318
77 0.002354
78 0.002449
79 0.002476
80 0.002453
81 0.002340
82 0.002419
83 0.002435
84 0.002394
85 0.002416
86 0.002422
87 0.002483
88 0.002457
89 0.002471
90 0.002489
91 0.002554
92 0.002521
93 0.002532
94 0.002526
95 0.002589
96 0.002557
97 0.002573
98 0.002632
99 0.002626
100 0.003242
1 0.007609
2 0.007471
3 0.007393
4 0.005363
5 0.003570
6 0.002579
7 0.002502
8 0.002030
9 0.002056
10 0.001790
11 0.001690
12 0.001712
13 0.001522
14 0.001485
15 0.001548
16 0.001493
17 0.001407
18 0.001387
19 0.001368
20 0.001406
21 0.001383
22 0.001406
23 0.001414
24 0.001518
25 0.001401
26 0.001414
27 0.001467
28 0.001500
29 0.001454
30 0.001476
31 0.001489
32 0.001515
33 0.001525
34 0.001577
35 0.001553
36 0.001561
37 0.001581
38 0.001598
39 0.001607
40 0.001662
41 0.001693
42 0.001660
43 0.001715
44 0.001702
45 0.001721
46 0.001732
47 0.001767
48 0.001776
49 0.001784
50 0.001865
51 0.001820
52 0.001868
53 0.001956
54 0.001914
55 0.001894
56 0.001934
57 0.001955
58 0.001998
59 0.001958
60 0.002004
61 0.001961
62 0.002063
63 0.001988
64 0.002020
65 0.002023
66 0.002035
67 0.002190
68 0.002121
69 0.002112
70 0.002130
71 0.002136
72 0.002330
73 0.002456
74 0.002326
75 0.002271
76 0.002302
77 0.002310
78 0.002331
79 0.002288
80 0.002332
81 0.002334
82 0.002355
83 0.002374
84 0.002388
85 0.002438
86 0.002420
87 0.002436
88 0.002500
89 0.002503
90 0.002523
91 0.002513
92 0.002518
93 0.002573
94 0.002584
95 0.002533
96 0.002555
97 0.002662
98 0.002841
99 0.002684
100 0.002690
1 0.002864
2 0.003117
3 0.004075
4 0.004037
5 0.004003
6 0.004005
7 0.004002
8 0.004013
9 0.002996
10 0.002789
11 0.002192
12 0.002378
13 0.001858
14 0.001938
15 0.001829
16 0.001592
17 0.001582
18 0.001552
19 0.001399
20 0.001418
21 0.001428
22 0.001383
23 0.001375
24 0.001506
25 0.001529
26 0.001511
27 0.001505
28 0.001435
29 0.001502
30 0.001476
31 0.001496
32 0.001603
33 0.001533
34 0.001621
35 0.001555
36 0.001627
37 0.001614
38 0.001602
39 0.001646
40 0.001669
41 0.001646
42 0.001699
43 0.001727
44 0.001736
45 0.001772
46 0.001812
47 0.001747
48 0.001815
49 0.001816
50 0.001873
51 0.001939
52 0.001839
53 0.001903
54 0.001928
55 0.001954
56 0.001943
57 0.001964
58 0.001950
59 0.001990
60 0.002005
61 0.002074
62 0.001978
63 0.001991
64 0.001993
65 0.002021
66 0.002075
67 0.002061
68 0.002110
69 0.002425
70 0.002171
71 0.002166
72 0.002357
73 0.002285
74 0.002265
75 0.002301
76 0.002299
77 0.002408
78 0.002408
79 0.002462
80 0.002276
81 0.002327
82 0.002455
83 0.002374
84 0.002427
85 0.002441
86 0.002422
87 0.002439
88 0.002486
89 0.002601
90 0.002531
91 0.002558
92 0.002569
93 0.002556
94 0.002537
95 0.002626
96 0.002632
97 0.002567
98 0.002628
99 0.002651
100 0.002613
1 0.007619
2 0.007444
3 0.007369
4 0.004716
5 0.003365
6 0.002756
7 0.002291
8 0.002178
9 0.001979
10 0.001760
11 0.001774
12 0.001618
13 0.001528
14 0.001828
15 0.001675
16 0.001417
17 0.001436
18 0.001368
19 0.001362
20 0.001598
21 0.001504
22 0.001369
23 0.001426
24 0.001389
25 0.001399
26 0.001446
27 0.001446
28 0.001744
29 0.001499
30 0.001578
31 0.001525
32 0.001522
33 0.001569
34 0.001617
35 0.001590
36 0.001641
37 0.001747
38 0.001739
39 0.001617
40 0.001710
41 0.001639
42 0.001734
43 0.001714
44 0.001823
45 0.001814
46 0.001860
47 0.001851
48 0.001837
49 0.001859
50 0.001842
51 0.001869
52 0.001877
53 0.001905
54 0.001922
55 0.001897
56 0.002033
57 0.001961
58 0.001953
59 0.001965
60 0.001969
61 0.002050
62 0.001985
63 0.001998
64 0.001984
65 0.002071
66 0.002160
67 0.002075
68 0.002077
69 0.002193
70 0.002237
71 0.002343
72 0.002383
73 0.002220
74 0.002191
75 0.002232
76 0.002285
77 0.002255
78 0.002255
79 0.002367
80 0.002552
81 0.002378
82 0.002351
83 0.002474
84 0.002467
85 0.002407
86 0.002493
87 0.002440
88 0.002491
89 0.002471
90 0.002563
91 0.002509
92 0.002552
93 0.002514
94 0.002519
95 0.002546
96 0.002627
97 0.002571
98 0.002627
99 0.002688
100 0.002643
1 0.001260
2 0.001323
3 0.001221
4 0.001304
5 0.001476
6 0.001265
7 0.001336
8 0.001378
9 0.001219
10 0.001228
11 0.001244
12 0.001248
13 0.001272
14 0.001359
15 0.001310
16 0.001325
17 0.001335
18 0.001338
19 0.001351
20 0.001377
21 0.001377
22 0.001403
23 0.001587
24 0.001433
25 0.001452
26 0.001467
27 0.001480
28 0.001922
29 0.001698
30 0.001695
31 0.001650
32 0.001569
33 0.001586
34 0.001595
35 0.001606
36 0.001670
37 0.001642
38 0.001653
39 0.001668
40 0.001685
41 0.001689
42 0.001722
43 0.001731
44 0.001762
45 0.001774
46 0.001781
47 0.001800
48 0.001832
49 0.001845
50 0.001861
51 0.001880
52 0.001894
53 0.001927
54 0.001942
55 0.001958
56 0.001967
57 0.001985
58 0.002187
59 0.002029
60 0.002207
61 0.002544
62 0.002134
63 0.002233
64 0.002943
65 0.002842
66 0.002170
67 0.002064
68 0.002403
69 0.002118
70 0.002476
71 0.002359
72 0.002220
73 0.002224
74 0.002412
75 0.002429
76 0.002277
77 0.002633
78 0.002692
79 0.002381
80 0.002349
81 0.002395
82 0.002456
83 0.002456
84 0.002406
85 0.002619
86 0.002820
87 0.003081
88 0.002703
89 0.002745
90 0.002947
91 0.002620
92 0.002529
93 0.002532
94 0.002742
95 0.002618
96 0.002577
97 0.002624
98 0.002644
99 0.002597
100 0.002654
1 0.001286
2 0.001242
3 0.001231
4 0.001222
5 0.001197
6 0.001205
7 0.001209
8 0.001204
9 0.001226
10 0.001248
11 0.001254
12 0.001260
13 0.001282
14 0.001299
15 0.001303
16 0.001321
17 0.001328
18 0.001347
19 0.001358
20 0.001377
21 0.001389
22 0.001413
23 0.001426
24 0.001438
25 0.001458
26 0.001460
27 0.001476
28 0.001499
29 0.001532
30 0.001540
31 0.001563
32 0.001577
33 0.001585
34 0.001759
35 0.001664
36 0.002023
37 0.001878
38 0.001766
39 0.001712
40 0.001703
41 0.001712
42 0.001745
43 0.001764
44 0.001764
45 0.001781
46 0.001795
47 0.001817
48 0.001842
49 0.001849
50 0.001873
51 0.001888
52 0.001899
53 0.001928
54 0.001947
55 0.001962
56 0.001978
57 0.001991
58 0.002018
59 0.002028
60 0.002040
61 0.002042
62 0.002048
63 0.002052
64 0.002057
65 0.002096
66 0.002123
67 0.002155
68 0.002157
69 0.002192
70 0.002216
71 0.002223
72 0.002231
73 0.002284
74 0.003040
75 0.002330
76 0.002240
77 0.002305
78 0.002265
79 0.002355
80 0.002366
81 0.002390
82 0.002485
83 0.002955
84 0.003060
85 0.002703
86 0.002583
87 0.002488
88 0.002583
89 0.002520
90 0.002537
91 0.002570
92 0.002578
93 0.002529
94 0.002656
95 0.002601
96 0.002648
97 0.002585
98 0.002704
99 0.002598
100 0.002617
1 0.001265
2 0.001260
3 0.001222
4 0.001207
5 0.001204
6 0.001202
7 0.001197
8 0.001225
9 0.001220
10 0.001228
11 0.001251
12 0.001254
13 0.001275
14 0.001287
15 0.001304
16 0.001317
17 0.001329
18 0.001345
19 0.001355
20 0.001375
21 0.001384
22 0.001398
23 0.001422
24 0.001426
25 0.001449
26 0.001463
27 0.001476
28 0.001495
29 0.001512
30 0.001530
31 0.001541
32 0.001571
33 0.001584
34 0.001611
35 0.001613
36 0.001620
37 0.001633
38 0.001650
39 0.001670
40 0.001689
41 0.001759
42 0.001736
43 0.001741
44 0.001771
45 0.001786
46 0.001790
47 0.001806
48 0.001828
49 0.001852
50 0.001860
51 0.001877
52 0.001946
53 0.002035
54 0.001940
55 0.002403
56 0.002180
57 0.002094
58 0.002065
59 0.002027
60 0.002034
61 0.002066
62 0.002043
63 0.002066
64 0.002063
65 0.002096
66 0.002122
67 0.002139
68 0.002160
69 0.002190
70 0.002213
71 0.002220
72 0.002228
73 0.002259
74 0.002266
75 0.002267
76 0.002306
77 0.002328
78 0.002325
79 0.002353
80 0.002369
81 0.002414
82 0.002425
83 0.002464
84 0.002483
85 0.002564
86 0.002482
87 0.002532
88 0.002462
89 0.002514
90 0.002547
91 0.002629
92 0.002554
93 0.002526
94 0.002580
95 0.002624
96 0.002878
97 0.002838
98 0.003402
99 0.002894
100 0.002702
1 0.002248
2 0.002143
3 0.001770
4 0.001560
5 0.001429
6 0.001384
7 0.001354
8 0.001227
9 0.001214
10 0.001245
11 0.001246
12 0.001259
13 0.001483
14 0.001521
15 0.001437
16 0.001450
17 0.001380
18 0.001339
19 0.001359
20 0.001370
21 0.001376
22 0.001434
23 0.001419
24 0.001433
25 0.001449
26 0.001455
27 0.001485
28 0.001492
29 0.001515
30 0.001529
31 0.001540
32 0.001567
33 0.001577
34 0.001593
35 0.001615
36 0.001622
37 0.001643
38 0.001670
39 0.001681
40 0.001701
41 0.001711
42 0.001743
43 0.001747
44 0.001881
45 0.001812
46 0.001808
47 0.001824
48 0.001853
49 0.001860
50 0.001878
51 0.001891
52 0.001922
53 0.001939
54 0.001962
55 0.001972
56 0.001987
57 0.002002
58 0.002027
59 0.002039
60 0.002048
61 0.002051
62 0.002086
63 0.002072
64 0.002066
65 0.002103
66 0.002128
67 0.002153
68 0.002169
69 0.002195
70 0.002691
71 0.002410
72 0.002381
73 0.002285
74 0.002279
75 0.002314
76 0.002324
77 0.002339
78 0.002335
79 0.002371
80 0.002372
81 0.002443
82 0.002448
83 0.002498
84 0.002493
85 0.002509
86 0.002522
87 0.002548
88 0.002568
89 0.002579
90 0.002592
91 0.002622
92 0.002630
93 0.002625
94 0.002634
95 0.002648
96 0.002882
97 0.002751
98 0.002643
99 0.002618
100 0.002676
1 0.007592
2 0.006129
3 0.004053
4 0.002917
5 0.002400
6 0.002119
7 0.002030
8 0.001727
9 0.002119
10 0.001799
11 0.001606
12 0.001545
13 0.001411
14 0.001337
15 0.001347
16 0.001358
17 0.001351
18 0.001343
19 0.001347
20 0.001365
21 0.001382
22 0.001427
23 0.001429
24 0.001438
25 0.001452
26 0.001459
27 0.001472
28 0.001504
29 0.001517
30 0.001538
31 0.001550
32 0.001571
33 0.001579
34 0.001593
35 0.001611
36 0.001608
37 0.001631
38 0.001651
39 0.001659
40 0.001680
41 0.001706
42 0.001716
43 0.001728
44 0.001776
45 0.001808
46 0.001785
47 0.001814
48 0.001833
49 0.001848
50 0.002052
51 0.001889
52 0.001901
53 0.001930
54 0.001934
55 0.001998
56 0.002018
57 0.001994
58 0.002042
59 0.002618
60 0.002238
61 0.002402
62 0.002136
63 0.002066
64 0.002060
65 0.002135
66 0.002341
67 0.002494
68 0.002346
69 0.002204
70 0.002215
71 0.002211
72 0.002250
73 0.002255
74 0.002265
75 0.002282
76 0.002307
77 0.002323
78 0.002333
79 0.002353
80 0.002363
81 0.002408
82 0.002421
83 0.002459
84 0.002477
85 0.002488
86 0.002496
87 0.002532
88 0.002535
89 0.002551
90 0.002558
91 0.002588
92 0.002596
93 0.002607
94 0.002617
95 0.002620
96 0.002643
97 0.002656
98 0.002671
99 0.002690
100 0.002888
1 0.010556
2 0.010101
3 0.005478
4 0.003941
5 0.002958
6 0.002739
7 0.002343
8 0.001712
9 0.001467
10 0.001482
11 0.001491
12 0.001365
13 0.001319
14 0.001338
15 0.001355
16 0.001310
17 0.001326
18 0.001350
19 0.001362
20 0.001374
21 0.001393
22 0.001404
23 0.001424
24 0.001443
25 0.001459
26 0.001472
27 0.001481
28 0.001501
29 0.001527
30 0.001540
31 0.001557
32 0.001576
33 0.001596
34 0.001604
35 0.001614
36 0.001628
37 0.001646
38 0.001662
39 0.001692
40 0.001773
41 0.001817
42 0.001949
43 0.001755
44 0.001792
45 0.001786
46 0.001869
47 0.001831
48 0.001953
49 0.001858
50 0.001887
51 0.001923
52 0.001959
53 0.001988
54 0.001970
55 0.001991
56 0.002155
57 0.002672
58 0.002551
59 0.002621
60 0.002558
61 0.002612
62 0.002533
63 0.002271
64 0.002252
65 0.002200
66 0.002131
67 0.002154
68 0.002164
69 0.002256
70 0.002224
71 0.002217
72 0.002240
73 0.002262
74 0.002286
75 0.002273
76 0.002319
77 0.002381
78 0.002340
79 0.002372
80 0.002364
81 0.002422
82 0.002432
83 0.002465
84 0.002494
85 0.002499
86 0.002514
87 0.002537
88 0.002547
89 0.002560
90 0.002592
91 0.002609
92 0.002623
93 0.002627
94 0.002637
95 0.002660
96 0.002665
97 0.002706
98 0.002945
99 0.002827
100 0.003025
1 0.003553
2 0.003311
3 0.003178
4 0.003163
5 0.002317
6 0.002246
7 0.002249
8 0.002264
9 0.002179
10 0.001845
11 0.001856
12 0.001713
13 0.001583
14 0.001611
15 0.001508
16 0.001398
17 0.001423
18 0.001435
19 0.001350
20 0.001367
21 0.001379
22 0.001404
23 0.001478
24 0.001440
25 0.001671
26 0.001543
27 0.001475
28 0.001499
29 0.001513
30 0.001523
31 0.001553
32 0.001569
33 0.001598
34 0.001589
35 0.001601
36 0.001617
37 0.001636
38 0.001652
39 0.001671
40 0.001683
41 0.001696
42 0.001715
43 0.001730
44 0.001764
45 0.001775
46 0.001795
47 0.001808
48 0.001838
49 0.001850
50 0.001871
51 0.001897
52 0.001902
53 0.002076
54 0.002435
55 0.002202
56 0.002113
57 0.002001
58 0.002004
59 0.002028
60 0.002054
61 0.002030
62 0.002044
63 0.002053
64 0.002055
65 0.002090
66 0.002149
67 0.002135
68 0.002144
69 0.002176
70 0.002201
71 0.002205
72 0.002220
73 0.002245
74 0.002267
75 0.002349
76 0.002301
77 0.002581
78 0.002332
79 0.002353
80 0.002367
81 0.002424
82 0.002443
83 0.002443
84 0.002481
85 0.002493
86 0.002506
87 0.002509
88 0.002537
89 0.002624
90 0.002802
91 0.002593
92 0.002599
93 0.002598
94 0.002654
95 0.002645
96 0.002924
97 0.003191
98 0.002795
99 0.002684
100 0.002961
1 0.001407
2 0.001332
3 0.001307
4 0.001294
5 0.001293
6 0.001276
7 0.001603
8 0.002217
9 0.002270
10 0.001862
11 0.001866
12 0.001905
13 0.001931
14 0.001935
15 0.001971
16 0.002060
17 0.002217
18 0.002119
19 0.002050
20 0.001902
21 0.001437
22 0.001473
23 0.001845
24 0.001886
25 0.001899
26 0.002101
27 0.002520
28 0.001772
29 0.001516
30 0.001653
31 0.002047
32 0.001955
33 0.001985
34 0.002075
35 0.001940
36 0.001752
37 0.001658
38 0.001688
39 0.001736
40 0.002510
41 0.002689
42 0.002155
43 0.001875
44 0.001836
45 0.001837
46 0.001798
47 0.002010
48 0.002413
49 0.002903
50 0.002618
51 0.002058
52 0.001906
53 0.001984
54 0.002037
55 0.002575
56 0.002649
57 0.002536
58 0.002435
59 0.002117
60 0.002087
61 0.002308
62 0.002448
63 0.002622
64 0.002538
65 0.002208
66 0.002193
67 0.002597
68 0.002538
69 0.002885
70 0.002712
71 0.002546
72 0.002603
73 0.002713
74 0.002793
75 0.003126
76 0.003212
77 0.003051
78 0.003108
79 0.003249
80 0.003280
81 0.003452
82 0.003337
83 0.003362
84 0.003148
85 0.003300
86 0.003084
87 0.002747
88 0.002593
89 0.002590
90 0.002986
91 0.003508
92 0.003352
93 0.002898
94 0.002661
95 0.002751
96 0.003265
97 0.003973
98 0.002970
99 0.002778
100 0.002726
1 0.010104
2 0.005002
3 0.003561
4 0.003038
5 0.002703
6 0.002543
7 0.002189
8 0.002235
9 0.002087
10 0.001605
11 0.001857
12 0.001987
13 0.001847
14 0.001764
15 0.001805
16 0.001790
17 0.001672
18 0.001744
19 0.001599
20 0.001406
21 0.001617
22 0.001942
23 0.001875
24 0.001919
25 0.001916
26 0.001764
27 0.001498
28 0.001575
29 0.001532
30 0.001590
31 0.002022
32 0.001945
33 0.002185
34 0.002114
35 0.001841
36 0.001729
37 0.001675
38 0.001657
39 0.001671
40 0.001685
41 0.001703
42 0.001718
43 0.001747
44 0.001849
45 0.002485
46 0.002340
47 0.002255
48 0.001897
49 0.001854
50 0.001870
51 0.001879
52 0.001906
53 0.001937
54 0.001997
55 0.002645
56 0.002807
57 0.002239
58 0.002041
59 0.002033
60 0.002052
61 0.002044
62 0.002050
63 0.002098
64 0.002470
65 0.002966
66 0.002776
67 0.002220
68 0.002691
69 0.002825
70 0.003101
71 0.002535
72 0.002229
73 0.002278
74 0.002642
75 0.002467
76 0.002486
77 0.002447
78 0.002331
79 0.002387
80 0.002357
81 0.002606
82 0.003394
83 0.003117
84 0.002548
85 0.002745
86 0.002635
87 0.003478
88 0.003276
89 0.003060
90 0.002613
91 0.002602
92 0.002609
93 0.003463
94 0.003596
95 0.002717
96 0.003481
97 0.003612
98 0.003745
99 0.003714
100 0.003728
1 0.001974
2 0.002033
3 0.001884
4 0.001802
5 0.001790
6 0.001775
7 0.001857
8 0.001818
9 0.001851
10 0.002072
11 0.002027
12 0.001898
13 0.001949
14 0.001937
15 0.001918
16 0.001904
17 0.001973
18 0.001994
19 0.002073
20 0.001961
21 0.001661
22 0.001755
23 0.001702
24 0.001959
25 0.001991
26 0.002011
27 0.002043
28 0.002057
29 0.001986
30 0.002059
31 0.002079
32 0.002187
33 0.002239
34 0.002196
35 0.002277
36 0.002265
37 0.002264
38 0.002294
39 0.002263
40 0.002285
41 0.002338
42 0.002346
43 0.002159
44 0.001816
45 0.001851
46 0.001943
47 0.002516
48 0.002240
49 0.002051
50 0.001947
51 0.001906
52 0.002054
53 0.002200
54 0.002464
55 0.002411
56 0.002238
57 0.002038
58 0.002081
59 0.002027
60 0.002085
61 0.002037
62 0.002112
63 0.002054
64 0.002119
65 0.002120
66 0.002187
67 0.002177
68 0.002239
69 0.002191
70 0.002198
71 0.002222
72 0.002270
73 0.003013
74 0.003329
75 0.003126
76 0.003168
77 0.003335
78 0.003140
79 0.003077
80 0.002438
81 0.002485
82 0.002686
83 0.002505
84 0.002478
85 0.002499
86 0.002497
87 0.002517
88 0.002541
89 0.002552
90 0.002574
91 0.002606
92 0.002596
93 0.002740
94 0.002688
95 0.002791
96 0.002701
97 0.002652
98 0.002683
99 0.003310
100 0.002747
1 0.008097
2 0.009707
3 0.008494
4 0.006062
5 0.005580
6 0.005029
7 0.004669
8 0.004250
9 0.004057
10 0.003595
11 0.003509
12 0.003551
13 0.003444
14 0.003200
15 0.002692
16 0.002464
17 0.002481
18 0.002458
19 0.002032
20 0.002045
21 0.002231
22 0.002109
23 0.001818
24 0.001797
25 0.001812
26 0.001828
27 0.001850
28 0.001601
29 0.001619
30 0.001649
31 0.001741
32 0.001827
33 0.001704
34 0.001593
35 0.001604
36 0.001618
37 0.001631
38 0.001655
39 0.001665
40 0.001686
41 0.001710
42 0.001742
43 0.001729
44 0.001767
45 0.001767
46 0.001788
47 0.001814
48 0.001830
49 0.001843
50 0.001864
51 0.001883
52 0.001901
53 0.001924
54 0.001943
55 0.001958
56 0.001970
57 0.001985
58 0.002022
59 0.002021
60 0.002030
61 0.002035
62 0.002046
63 0.002053
64 0.002059
65 0.002092
66 0.002111
67 0.002141
68 0.002152
69 0.002180
70 0.002201
71 0.002198
72 0.002220
73 0.002248
74 0.002384
75 0.002267
76 0.002302
77 0.002319
78 0.002331
79 0.002348
80 0.002361
81 0.002606
82 0.002691
83 0.002454
84 0.002468
85 0.002497
86 0.002500
87 0.002525
88 0.002532
89 0.002567
90 0.002571
91 0.002593
92 0.002590
93 0.002605
94 0.002624
95 0.002622
96 0.002646
97 0.002648
98 0.002668
99 0.002686
100 0.002715
1 0.010123
2 0.010421
3 0.009272
4 0.004995
5 0.003786
6 0.002994
7 0.002664
8 0.002433
9 0.002174
10 0.002085
11 0.001998
12 0.001847
13 0.002007
14 0.002048
15 0.001962
16 0.001920
17 0.001876
18 0.001953
19 0.001944
20 0.001919
21 0.001869
22 0.001413
23 0.001429
24 0.001442
25 0.001456
26 0.001470
27 0.001485
28 0.001501
29 0.001528
30 0.001541
31 0.001558
32 0.001576
33 0.001595
34 0.001611
35 0.001610
36 0.001621
37 0.001655
38 0.001665
39 0.001683
40 0.001695
41 0.001706
42 0.001729
43 0.002041
44 0.001772
45 0.001785
46 0.001798
47 0.001816
48 0.001843
49 0.001854
50 0.001869
51 0.001889
52 0.001910
53 0.001927
54 0.001950
55 0.001963
56 0.001988
57 0.001988
58 0.002023
59 0.002108
60 0.002063
61 0.002037
62 0.002049
63 0.002067
64 0.002065
65 0.002102
66 0.002123
67 0.002177
68 0.002429
69 0.002383
70 0.002237
71 0.002214
72 0.002221
73 0.002267
74 0.002274
75 0.002277
76 0.002318
77 0.002338
78 0.002348
79 0.002359
80 0.002370
81 0.002430
82 0.002435
83 0.002462
84 0.002479
85 0.002506
86 0.002524
87 0.002539
88 0.002542
89 0.002576
90 0.002584
91 0.002606
92 0.002627
93 0.002631
94 0.002638
95 0.002644
96 0.002670
97 0.002663
98 0.002709
99 0.002702
100 0.002732
1 0.010547
2 0.010422
3 0.007180
4 0.004213
5 0.003220
6 0.002929
7 0.002407
8 0.002422
9 0.002058
10 0.002083
11 0.001918
12 0.001834
13 0.001871
14 0.001798
15 0.001774
16 0.001796
17 0.001813
18 0.001838
19 0.001904
20 0.001957
21 0.001967
22 0.001995
23 0.002016
24 0.002078
25 0.002063
26 0.002085
27 0.002112
28 0.002066
29 0.002201
30 0.002217
31 0.002261
32 0.002285
33 0.002275
34 0.002400
35 0.002342
36 0.002420
37 0.002373
38 0.002399
39 0.002436
40 0.002451
41 0.002470
42 0.002459
43 0.002470
44 0.002497
45 0.002487
46 0.002421
47 0.002027
48 0.001899
49 0.001939
50 0.002376
51 0.002386
52 0.002380
53 0.002386
54 0.002562
55 0.002207
56 0.002054
57 0.002080
58 0.002645
59 0.002705
60 0.002844
61 0.002243
62 0.002232
63 0.002313
64 0.002338
65 0.002231
66 0.002116
67 0.002136
68 0.002229
69 0.002211
70 0.002961
71 0.002965
72 0.003007
73 0.002439
74 0.002313
75 0.002264
76 0.003013
77 0.002976
78 0.003040
79 0.003313
80 0.002613
81 0.002454
82 0.002447
83 0.002512
84 0.002611
85 0.002637
86 0.003198
87 0.002822
88 0.002552
89 0.002554
90 0.002579
91 0.002596
92 0.002699
93 0.003048
94 0.002993
95 0.002861
96 0.002645
97 0.002652
98 0.002817
99 0.002720
100 0.003258
1 0.007637
2 0.007500
3 0.004006
4 0.003197
5 0.002678
6 0.002189
7 0.002024
8 0.001938
9 0.001662
10 0.001684
11 0.001623
12 0.001477
13 0.001534
14 0.001557
15 0.001336
16 0.001314
17 0.001330
18 0.001346
19 0.001354
20 0.001378
21 0.001509
22 0.001609
23 0.001531
24 0.001544
25 0.001450
26 0.001479
27 0.001479
28 0.001498
29 0.001518
30 0.001529
31 0.001550
32 0.001572
33 0.001585
34 0.001587
35 0.001611
36 0.001620
37 0.001628
38 0.001654
39 0.001668
40 0.001689
41 0.001699
42 0.001725
43 0.001732
44 0.001775
45 0.001780
46 0.001798
47 0.001815
48 0.001835
49 0.001850
50 0.001864
51 0.001885
52 0.001901
53 0.002033
54 0.002231
55 0.002052
56 0.002197
57 0.002042
58 0.002050
59 0.002282
60 0.002284
61 0.002077
62 0.002547
63 0.002098
64 0.002054
65 0.002142
66 0.002115
67 0.002137
68 0.002148
69 0.002182
70 0.002223
71 0.002211
72 0.002228
73 0.002260
74 0.002326
75 0.002443
76 0.002540
77 0.002320
78 0.002334
79 0.002354
80 0.002348
81 0.002428
82 0.002491
83 0.002451
84 0.002472
85 0.002497
86 0.002504
87 0.002518
88 0.002532
89 0.002553
90 0.002574
91 0.002596
92 0.002593
93 0.002609
94 0.002629
95 0.002635
96 0.002679
97 0.002659
98 0.002702
99 0.002686
100 0.002695
1 0.003389
2 0.003122
3 0.002980
4 0.002424
5 0.002412
6 0.002409
7 0.002418
8 0.002435
9 0.002444
10 0.002477
11 0.002454
12 0.002132
13 0.002156
14 0.001922
15 0.001906
16 0.001944
17 0.001903
18 0.002009
19 0.002160
20 0.002316
21 0.001905
22 0.001939
23 0.002001
24 0.001997
25 0.002097
26 0.002016
27 0.002042
28 0.002061
29 0.002126
30 0.002142
31 0.002142
32 0.002176
33 0.002230
34 0.002276
35 0.002342
36 0.002578
37 0.002339
38 0.002417
39 0.002367
40 0.002566
41 0.003139
42 0.002998
43 0.002465
44 0.002583
45 0.002585
46 0.002675
47 0.002719
48 0.002650
49 0.002659
50 0.002757
51 0.002842
52 0.002792
53 0.002038
54 0.001939
55 0.001955
56 0.001970
57 0.001980
58 0.002198
59 0.002364
60 0.002894
61 0.003036
62 0.002563
63 0.002237
64 0.002120
65 0.002138
66 0.002279
67 0.002130
68 0.002284
69 0.002174
70 0.002201
71 0.002205
72 0.002222
73 0.002245
74 0.002259
75 0.002272
76 0.002299
77 0.002318
78 0.002322
79 0.002345
80 0.002347
81 0.002409
82 0.002421
83 0.002445
84 0.002465
85 0.002473
86 0.002494
87 0.002513
88 0.002558
89 0.002557
90 0.002675
91 0.002601
92 0.002601
93 0.002602
94 0.003192
95 0.003602
96 0.003481
97 0.003563
98 0.003778
99 0.004188
100 0.003707
1 0.010595
2 0.009753
3 0.004467
4 0.002795
5 0.002393
6 0.002110
7 0.002024
8 0.001729
9 0.001739
10 0.001645
11 0.001486
12 0.001513
13 0.001503
14 0.001339
15 0.001346
16 0.001363
17 0.001363
18 0.001338
19 0.001352
20 0.001371
21 0.001392
22 0.001411
23 0.001419
24 0.001447
25 0.001461
26 0.001460
27 0.001491
28 0.001504
29 0.001518
30 0.001549
31 0.001550
32 0.001583
33 0.001590
34 0.001612
35 0.001617
36 0.001629
37 0.001647
38 0.001666
39 0.001683
40 0.001740
41 0.002163
42 0.001734
43 0.001922
44 0.001838
45 0.001786
46 0.001796
47 0.001817
48 0.001847
49 0.001854
50 0.001907
51 0.001889
52 0.002252
53 0.002134
54 0.002119
55 0.002040
56 0.001980
57 0.001986
58 0.002053
59 0.002035
60 0.002169
61 0.002044
62 0.002051
63 0.002072
64 0.002069
65 0.002103
66 0.002121
67 0.002141
68 0.002161
69 0.002186
70 0.002225
71 0.002225
72 0.002238
73 0.002256
74 0.002270
75 0.002276
76 0.002319
77 0.002351
78 0.002362
79 0.002357
80 0.002385
81 0.002424
82 0.002688
83 0.002472
84 0.002490
85 0.002500
86 0.002510
87 0.002556
88 0.002538
89 0.002561
90 0.002611
91 0.002621
92 0.002607
93 0.002622
94 0.002623
95 0.003102
96 0.002876
97 0.002753
98 0.002697
99 0.002701
100 0.002770
1 0.011012
2 0.009870
3 0.005240
4 0.003855
5 0.002959
6 0.002783
7 0.002383
8 0.001718
9 0.001479
10 0.001477
11 0.001483
12 0.001386
13 0.001314
14 0.001328
15 0.001349
16 0.001330
17 0.001333
18 0.001341
19 0.001368
20 0.001375
21 0.001396
22 0.001412
23 0.001427
24 0.001501
25 0.001458
26 0.001460
27 0.001481
28 0.001498
29 0.001521
30 0.001531
31 0.001555
32 0.001581
33 0.001591
34 0.001602
35 0.001648
36 0.001638
37 0.001654
38 0.001664
39 0.001681
40 0.001696
41 0.001716
42 0.001739
43 0.001863
44 0.002024
45 0.001857
46 0.001811
47 0.001840
48 0.001858
49 0.001858
50 0.001880
51 0.001909
52 0.001912
53 0.001946
54 0.001965
55 0.001974
56 0.001994
57 0.002001
58 0.002072
59 0.002039
60 0.002050
61 0.002099
62 0.002047
63 0.002059
64 0.002060
65 0.002091
66 0.002109
67 0.002145
68 0.002145
69 0.002182
70 0.002210
71 0.002212
72 0.002215
73 0.002255
74 0.002267
75 0.002265
76 0.002357
77 0.002317
78 0.002330
79 0.002350
80 0.002359
81 0.002417
82 0.002425
83 0.002452
84 0.002474
85 0.002502
86 0.002504
87 0.002517
88 0.002542
89 0.002704
90 0.002915
91 0.002594
92 0.002600
93 0.002610
94 0.002620
95 0.002635
96 0.002649
97 0.002657
98 0.002698
99 0.002687
100 0.002694
1 0.008012
2 0.008599
3 0.005382
4 0.003467
5 0.002766
6 0.002319
7 0.002127
8 0.001991
9 0.001743
10 0.001757
11 0.001624
12 0.001520
13 0.001526
14 0.001547
15 0.001417
16 0.001360
17 0.001375
18 0.001389
19 0.001393
20 0.001379
21 0.001386
22 0.001404
23 0.001418
24 0.001436
25 0.001452
26 0.001458
27 0.001483
28 0.001526
29 0.001522
30 0.001529
31 0.001548
32 0.001580
33 0.001675
34 0.002059
35 0.001767
36 0.001771
37 0.001673
38 0.001656
39 0.001669
40 0.001696
41 0.001742
42 0.001726
43 0.001738
44 0.001769
45 0.001783
46 0.001830
47 0.001810
48 0.001841
49 0.001851
50 0.001881
51 0.001885
52 0.002095
53 0.002025
54 0.001943
55 0.001961
56 0.001975
57 0.001992
58 0.002023
59 0.002076
60 0.002034
61 0.002032
62 0.002044
63 0.002104
64 0.002058
65 0.002093
66 0.002107
67 0.002139
68 0.002405
69 0.002202
70 0.002218
71 0.002243
72 0.002318
73 0.002555
74 0.002513
75 0.002527
76 0.002725
77 0.002458
78 0.002388
79 0.002364
80 0.002415
81 0.002456
82 0.002975
83 0.002703
84 0.002545
85 0.002496
86 0.002536
87 0.002588
88 0.002548
89 0.002567
90 0.002631
91 0.002593
92 0.002606
93 0.002607
94 0.002725
95 0.002822
96 0.002659
97 0.002661
98 0.002686
99 0.002744
100 0.002881
1 0.007850
2 0.007749
3 0.004678
4 0.003240
5 0.002587
6 0.002291
7 0.002028
8 0.001994
9 0.001661
10 0.001674
11 0.001680
12 0.001456
13 0.001477
14 0.001499
15 0.001352
16 0.001313
17 0.001327
18 0.001477
19 0.001356
20 0.001375
21 0.001399
22 0.001408
23 0.001437
24 0.001470
25 0.001535
26 0.001596
27 0.001628
28 0.001566
29 0.001518
30 0.001530
31 0.001547
32 0.001586
33 0.001584
34 0.001631
35 0.001634
36 0.001623
37 0.001644
38 0.001660
39 0.001673
40 0.001690
41 0.001697
42 0.001758
43 0.001741
44 0.001768
45 0.001782
46 0.001791
47 0.001821
48 0.001838
49 0.001849
50 0.001870
51 0.001894
52 0.001892
53 0.001973
54 0.001950
55 0.001964
56 0.001973
57 0.001979
58 0.002021
59 0.002023
60 0.002067
61 0.002045
62 0.002042
63 0.002071
64 0.002065
65 0.002093
66 0.002110
67 0.002132
68 0.002152
69 0.002224
70 0.002224
71 0.002213
72 0.002233
73 0.002415
74 0.002276
75 0.002305
76 0.002439
77 0.002871
78 0.002595
79 0.002418
80 0.002367
81 0.002426
82 0.002467
83 0.002761
84 0.002484
85 0.002497
86 0.002517
87 0.002519
88 0.002591
89 0.002559
90 0.002668
91 0.002630
92 0.002605
93 0.002631
94 0.002629
95 0.002639
96 0.002676
97 0.002728
98 0.002803
99 0.002683
100 0.002743
1 0.007618
2 0.007594
3 0.005867
4 0.003742
5 0.002774
6 0.002838
7 0.002160
8 0.002052
9 0.001740
10 0.001766
11 0.001661
12 0.001507
13 0.001529
14 0.001636
15 0.001657
16 0.001437
17 0.001429
18 0.001346
19 0.001354
20 0.001364
21 0.001388
22 0.001406
23 0.001431
24 0.001458
25 0.001446
26 0.001456
27 0.001479
28 0.001497
29 0.001596
30 0.001531
31 0.001543
32 0.001576
33 0.001579
34 0.001595
35 0.001599
36 0.001770
37 0.001720
38 0.001651
39 0.001665
40 0.001676
41 0.001699
42 0.001724
43 0.001740
44 0.001778
45 0.001768
46 0.001781
47 0.001809
48 0.001825
49 0.001904
50 0.001862
51 0.001879
52 0.001898
53 0.001920
54 0.001954
55 0.002161
56 0.001969
57 0.001978
58 0.002012
59 0.002019
60 0.002024
61 0.002043
62 0.002041
63 0.002064
64 0.002060
65 0.002156
66 0.002115
67 0.002141
68 0.002171
69 0.002196
70 0.002200
71 0.002733
72 0.002441
73 0.002333
74 0.002264
75 0.002264
76 0.002328
77 0.002319
78 0.002325
79 0.002396
80 0.002356
81 0.002421
82 0.002424
83 0.002451
84 0.002814
85 0.002495
86 0.002508
87 0.002517
88 0.002531
89 0.002624
90 0.002779
91 0.002627
92 0.002721
93 0.002621
94 0.002602
95 0.002628
96 0.002720
97 0.003047
98 0.002670
99 0.002678
100 0.002900
1 0.007742
2 0.007759
3 0.005981
4 0.003838
5 0.002578
6 0.002490
7 0.002090
8 0.002296
9 0.001702
10 0.001688
11 0.001701
12 0.001473
13 0.001481
14 0.001492
15 0.001380
16 0.001308
17 0.001326
18 0.001343
19 0.001350
20 0.001369
21 0.001383
22 0.001399
23 0.001412
24 0.001443
25 0.001445
26 0.001461
27 0.001473
28 0.001494
29 0.001520
30 0.001584
31 0.001544
32 0.001577
33 0.001579
34 0.001593
35 0.001607
36 0.001619
37 0.001648
38 0.001655
39 0.001671
40 0.001687
41 0.001708
42 0.001721
43 0.001741
44 0.001752
45 0.001781
46 0.001787
47 0.001803
48 0.001841
49 0.001871
50 0.001868
51 0.001886
52 0.001902
53 0.001929
54 0.001943
55 0.001962
56 0.001970
57 0.001985
58 0.002022
59 0.002030
60 0.002033
61 0.002034
62 0.002205
63 0.002203
64 0.002684
65 0.002374
66 0.002272
67 0.002140
68 0.002158
69 0.002213
70 0.002260
71 0.002492
72 0.002225
73 0.002250
74 0.002269
75 0.002271
76 0.002337
77 0.002326
78 0.002333
79 0.002362
80 0.002445
81 0.002410
82 0.002421
83 0.002453
84 0.002722
85 0.002499
86 0.002504
87 0.002525
88 0.002543
89 0.002552
90 0.002599
91 0.002600
92 0.002619
93 0.002624
94 0.002616
95 0.002635
96 0.002653
97 0.002654
98 0.002690
99 0.002694
100 0.002917
1 0.010236
2 0.005142
3 0.003948
4 0.002956
5 0.002652
6 0.002319
7 0.002285
8 0.002060
9 0.001529
10 0.001448
11 0.001287
12 0.001296
13 0.001341
14 0.001289
15 0.001294
16 0.001325
17 0.001328
18 0.001442
19 0.001510
20 0.001372
21 0.001381
22 0.001425
23 0.001421
24 0.001448
25 0.001454
26 0.001457
27 0.001512
28 0.001492
29 0.001509
30 0.001540
31 0.001539
32 0.001639
33 0.001583
34 0.001597
35 0.001626
36 0.001615
37 0.001648
38 0.001666
39 0.001807
40 0.001799
41 0.001705
42 0.001720
43 0.001743
44 0.001756
45 0.001781
46 0.001781
47 0.001831
48 0.001829
49 0.001843
50 0.001863
51 0.001898
52 0.001896
53 0.001918
54 0.001935
55 0.001951
56 0.002010
57 0.002243
58 0.002399
59 0.002278
60 0.002079
61 0.002033
62 0.002034
63 0.002083
64 0.002050
65 0.002085
66 0.002103
67 0.002158
68 0.002148
69 0.002169
70 0.002195
71 0.002199
72 0.002215
73 0.002504
74 0.002262
75 0.002261
76 0.002339
77 0.002317
78 0.002343
79 0.002356
80 0.002352
81 0.002406
82 0.002424
83 0.002451
84 0.002475
85 0.002497
86 0.002504
87 0.002523
88 0.002531
89 0.002550
90 0.002588
91 0.002597
92 0.002598
93 0.002606
94 0.002614
95 0.002625
96 0.002650
97 0.002647
98 0.002680
99 0.002831
100 0.002728
1 0.006640
2 0.004150
3 0.003506
4 0.002959
5 0.002353
6 0.002322
7 0.001968
8 0.002015
9 0.001914
10 0.001847
11 0.001880
12 0.001938
13 0.001923
14 0.001892
15 0.001927
16 0.001946
17 0.002003
18 0.002026
19 0.002066
20 0.002077
21 0.002102
22 0.001960
23 0.002074
24 0.002091
25 0.002087
26 0.002314
27 0.002188
28 0.002106
29 0.002300
30 0.002124
31 0.002296
32 0.002166
33 0.002324
34 0.002373
35 0.002622
36 0.002472
37 0.002383
38 0.002417
39 0.002527
40 0.002553
41 0.002518
42 0.002791
43 0.002573
44 0.002675
45 0.002691
46 0.002615
47 0.002567
48 0.002664
49 0.002635
50 0.002817
51 0.002791
52 0.002819
53 0.002993
54 0.003032
55 0.002945
56 0.002939
57 0.003015
58 0.003128
59 0.003226
60 0.003099
61 0.002993
62 0.003086
63 0.003223
64 0.003235
65 0.003188
66 0.003116
67 0.003202
68 0.003287
69 0.003399
70 0.003478
71 0.003235
72 0.003228
73 0.003559
74 0.003456
75 0.003419
76 0.003548
77 0.003465
78 0.003423
79 0.003959
80 0.004064
81 0.003722
82 0.003699
83 0.003758
84 0.003749
85 0.003591
86 0.003859
87 0.003405
88 0.003719
89 0.003227
90 0.002720
91 0.002663
92 0.003321
93 0.003318
94 0.003320
95 0.002966
96 0.002748
97 0.003516
98 0.002893
99 0.002688
100 0.002702
1 0.007990
2 0.007589
3 0.007625
4 0.003653
5 0.003001
6 0.002569
7 0.002203
8 0.002114
9 0.001978
10 0.001694
11 0.001697
12 0.001564
13 0.001468
14 0.001522
15 0.001455
16 0.001323
17 0.001322
18 0.001341
19 0.001346
20 0.001372
21 0.001386
22 0.001407
23 0.001435
24 0.001433
25 0.001452
26 0.001457
27 0.001480
28 0.001483
29 0.001517
30 0.001531
31 0.001547
32 0.001563
33 0.001581
34 0.001589
35 0.001609
36 0.001621
37 0.001633
38 0.001656
39 0.001671
40 0.001686
41 0.001708
42 0.001715
43 0.001732
44 0.001777
45 0.001780
46 0.001788
47 0.001808
48 0.001834
49 0.001847
50 0.001858
51 0.001881
52 0.001895
53 0.001928
54 0.001942
55 0.001954
56 0.001968
57 0.001982
58 0.002016
59 0.002171
60 0.002042
61 0.002042
62 0.002043
63 0.002198
64 0.002096
65 0.002241
66 0.002296
67 0.002253
68 0.002148
69 0.002176
70 0.002218
71 0.002921
72 0.002365
73 0.002251
74 0.002263
75 0.002266
76 0.002299
77 0.002364
78 0.002384
79 0.002590
80 0.002513
81 0.002442
82 0.002430
83 0.002570
84 0.002982
85 0.002826
86 0.002831
87 0.002622
88 0.002561
89 0.002592
90 0.002872
91 0.002797
92 0.003001
93 0.002677
94 0.002630
95 0.002668
96 0.003022
97 0.002772
98 0.002950
99 0.002973
100 0.002760
1 0.009126
2 0.008193
3 0.004880
4 0.003728
5 0.002167
6 0.002146
7 0.001861
8 0.001818
9 0.001781
10 0.001828
11 0.001826
12 0.001517
13 0.001317
14 0.001339
15 0.001357
16 0.001365
17 0.001334
18 0.001372
19 0.001427
20 0.001455
21 0.001505
22 0.001907
23 0.001442
24 0.001462
25 0.001454
26 0.001512
27 0.001482
28 0.001645
29 0.001724
30 0.001671
31 0.001617
32 0.002138
33 0.001653
34 0.001610
35 0.001612
36 0.001653
37 0.001644
38 0.001898
39 0.001822
40 0.001740
41 0.002299
42 0.001753
43 0.001750
44 0.001778
45 0.001817
46 0.001801
47 0.002082
48 0.001993
49 0.002493
50 0.001989
51 0.001889
52 0.001910
53 0.001973
54 0.001945
55 0.002497
56 0.002334
57 0.002731
58 0.002128
59 0.002031
60 0.002069
61 0.002040
62 0.002345
63 0.002451
64 0.002619
65 0.002156
66 0.002116
67 0.002135
68 0.002196
69 0.002431
70 0.002536
71 0.002830
72 0.002280
73 0.002257
74 0.002329
75 0.002262
76 0.002582
77 0.002797
78 0.002802
79 0.002379
80 0.002364
81 0.002459
82 0.002594
83 0.002705
84 0.003245
85 0.002543
86 0.002515
87 0.002580
88 0.002633
89 0.003092
90 0.003325
91 0.002649
92 0.002602
93 0.002619
94 0.002636
95 0.003202
96 0.003632
97 0.002719
98 0.002979
99 0.003307
100 0.003114
1 0.001910
2 0.001835
3 0.001842
4 0.001827
5 0.001801
6 0.001792
7 0.001797
8 0.001816
9 0.001832
10 0.001867
11 0.001873
12 0.001840
13 0.001877
14 0.001840
15 0.001826
16 0.001845
17 0.001872
18 0.001901
19 0.001914
20 0.001937
21 0.001973
22 0.002005
23 0.002013
24 0.002047
25 0.002059
26 0.002060
27 0.002112
28 0.002142
29 0.002164
30 0.002186
31 0.002223
32 0.002241
33 0.002266
34 0.002263
35 0.002304
36 0.002321
37 0.002353
38 0.002378
39 0.002243
40 0.002253
41 0.002454
42 0.002311
43 0.002417
44 0.002459
45 0.002493
46 0.002508
47 0.002541
48 0.002581
49 0.002637
50 0.002600
51 0.002670
52 0.002616
53 0.002704
54 0.002705
55 0.002745
56 0.002799
57 0.002764
58 0.002812
59 0.002783
60 0.002842
61 0.002828
62 0.002855
63 0.002804
64 0.002845
65 0.002901
66 0.002919
67 0.003060
68 0.002947
69 0.002944
70 0.003121
71 0.003175
72 0.003093
73 0.003164
74 0.003090
75 0.003215
76 0.003428
77 0.003322
78 0.003223
79 0.003344
80 0.003364
81 0.003334
82 0.003399
83 0.003438
84 0.003648
85 0.003570
86 0.003516
87 0.003544
88 0.003691
89 0.003459
90 0.003059
91 0.002622
92 0.002695
93 0.002754
94 0.002795
95 0.002959
96 0.002742
97 0.002740
98 0.002719
99 0.002826
100 0.002782
1 0.001875
2 0.001834
3 0.001846
4 0.001817
5 0.001777
6 0.001844
7 0.001807
8 0.002001
9 0.002370
10 0.002139
11 0.002030
12 0.001887
13 0.001930
14 0.001936
15 0.001981
16 0.002036
17 0.002010
18 0.001975
19 0.001998
20 0.001987
21 0.001968
22 0.001997
23 0.002091
24 0.002043
25 0.002059
26 0.002084
27 0.002111
28 0.002125
29 0.002178
30 0.002176
31 0.002218
32 0.002247
33 0.002254
34 0.002278
35 0.002304
36 0.002328
37 0.002356
38 0.002412
39 0.002405
40 0.002429
41 0.002445
42 0.002497
43 0.002521
44 0.002570
45 0.002568
46 0.002594
47 0.002625
48 0.002666
49 0.002683
50 0.002716
51 0.002755
52 0.002812
53 0.002857
54 0.002856
55 0.002876
56 0.002867
57 0.003053
58 0.003775
59 0.003427
60 0.003080
61 0.003071
62 0.002984
63 0.003041
64 0.003044
65 0.003076
66 0.003075
67 0.003164
68 0.003184
69 0.003252
70 0.003266
71 0.003274
72 0.003330
73 0.003340
74 0.003338
75 0.003352
76 0.003435
77 0.003504
78 0.003453
79 0.003509
80 0.003505
81 0.003600
82 0.003901
83 0.004536
84 0.004217
85 0.003732
86 0.003746
87 0.003682
88 0.002653
89 0.002584
90 0.002655
91 0.002630
92 0.002637
93 0.002678
94 0.002650
95 0.002662
96 0.002724
97 0.002699
98 0.002716
99 0.002742
100 0.002739
1 0.001950
2 0.001822
3 0.001534
4 0.001512
5 0.001497
6 0.001311
7 0.001285
8 0.001294
9 0.001306
10 0.001232
11 0.001246
12 0.001256
13 0.001276
14 0.001282
15 0.001295
16 0.001313
17 0.001326
18 0.001341
19 0.001368
20 0.001365
21 0.001384
22 0.001404
23 0.001418
24 0.001438
25 0.001450
26 0.001459
27 0.001479
28 0.001494
29 0.001516
30 0.001529
31 0.001545
32 0.001574
33 0.001572
34 0.001594
35 0.001700
36 0.001695
37 0.002117
38 0.001947
39 0.001885
40 0.001739
41 0.001703
42 0.001760
43 0.001740
44 0.001787
45 0.001780
46 0.001786
47 0.001813
48 0.001836
49 0.001844
50 0.001866
51 0.001887
52 0.001903
53 0.001924
54 0.001943
55 0.001954
56 0.001970
57 0.001987
58 0.002022
59 0.002027
60 0.002031
61 0.002033
62 0.002043
63 0.002060
64 0.002056
65 0.002089
66 0.002109
67 0.002142
68 0.002154
69 0.002180
70 0.002212
71 0.002207
72 0.002229
73 0.002257
74 0.002274
75 0.002269
76 0.002306
77 0.002324
78 0.002336
79 0.002356
80 0.002359
81 0.002415
82 0.002428
83 0.002455
84 0.002555
85 0.003131
86 0.002931
87 0.002582
88 0.002545
89 0.002585
90 0.002580
91 0.002594
92 0.002612
93 0.002608
94 0.002619
95 0.002641
96 0.002818
97 0.003138
98 0.002694
99 0.002647
100 0.002656
1 0.005679
2 0.003699
3 0.003059
4 0.002276
5 0.002261
6 0.001878
7 0.001802
8 0.001841
9 0.001527
10 0.001549
11 0.001574
12 0.001351
13 0.001374
14 0.001386
15 0.001374
16 0.001314
17 0.001320
18 0.001350
19 0.001360
20 0.001375
21 0.001388
22 0.001409
23 0.001424
24 0.001438
25 0.001445
26 0.001482
27 0.001487
28 0.001494
29 0.001516
30 0.001554
31 0.001546
32 0.001578
33 0.001585
34 0.001596
35 0.001605
36 0.001656
37 0.001801
38 0.001992
39 0.001847
40 0.001844
41 0.001706
42 0.001731
43 0.001738
44 0.001804
45 0.001782
46 0.001787
47 0.001817
48 0.001836
49 0.001856
50 0.001875
51 0.001873
52 0.001906
53 0.001934
54 0.001949
55 0.001963
56 0.001973
57 0.002002
58 0.002021
59 0.002032
60 0.002037
61 0.002032
62 0.002062
63 0.002053
64 0.002063
65 0.002094
66 0.002113
67 0.002142
68 0.002168
69 0.002195
70 0.002214
71 0.002207
72 0.002229
73 0.002258
74 0.002310
75 0.002346
76 0.002304
77 0.002326
78 0.002336
79 0.002347
80 0.002358
81 0.002422
82 0.002430
83 0.002453
84 0.002502
85 0.002992
86 0.002794
87 0.002620
88 0.002537
89 0.002546
90 0.002609
91 0.002597
92 0.002613
93 0.002615
94 0.002621
95 0.002636
96 0.002651
97 0.002658
98 0.002681
99 0.002678
100 0.002979
1 0.007299
2 0.005359
3 0.003614
4 0.002602
5 0.002480
6 0.002004
7 0.001993
8 0.001807
9 0.001647
10 0.001676
11 0.001492
12 0.001454
13 0.001466
14 0.001409
15 0.001302
16 0.001318
17 0.001325
18 0.001339
19 0.001355
20 0.001366
21 0.001381
22 0.001404
23 0.001418
24 0.001429
25 0.001450
26 0.001454
27 0.001469
28 0.001492
29 0.001511
30 0.001526
31 0.001538
32 0.001557
33 0.001733
34 0.001602
35 0.001602
36 0.001614
37 0.001652
38 0.001657
39 0.001675
40 0.001682
41 0.001703
42 0.001725
43 0.001786
44 0.001887
45 0.001985
46 0.001791
47 0.001812
48 0.001829
49 0.001856
50 0.001875
51 0.001884
52 0.001900
53 0.001927
54 0.001944
55 0.001967
56 0.001959
57 0.001987
58 0.002005
59 0.002030
60 0.002027
61 0.002034
62 0.002042
63 0.002057
64 0.002058
65 0.002095
66 0.002113
67 0.002141
68 0.002149
69 0.002182
70 0.002195
71 0.002201
72 0.002216
73 0.002242
74 0.002261
75 0.002264
76 0.002303
77 0.002327
78 0.002320
79 0.002349
80 0.002354
81 0.002412
82 0.002470
83 0.002588
84 0.002473
85 0.002491
86 0.002491
87 0.002539
88 0.002545
89 0.002605
90 0.002789
91 0.002726
92 0.002613
93 0.002613
94 0.002630
95 0.002637
96 0.002642
97 0.002648
98 0.002671
99 0.002686
100 0.002692
1 0.007643
2 0.007616
3 0.006493
4 0.004064
5 0.003443
6 0.002863
7 0.002405
8 0.002387
9 0.002048
10 0.002169
11 0.002014
12 0.001905
13 0.001919
14 0.001879
15 0.001893
16 0.001886
17 0.001909
18 0.001995
19 0.001926
20 0.001901
21 0.001967
22 0.001969
23 0.001951
24 0.001967
25 0.002045
26 0.002130
27 0.002315
28 0.002213
29 0.002160
30 0.002178
31 0.002197
32 0.002256
33 0.002237
34 0.002303
35 0.002283
36 0.002325
37 0.002311
38 0.002348
39 0.002364
40 0.001704
41 0.001693
42 0.001721
43 0.001734
44 0.001766
45 0.001778
46 0.001788
47 0.001799
48 0.001847
49 0.001854
50 0.001863
51 0.001882
52 0.001895
53 0.001918
54 0.001946
55 0.002042
56 0.001974
57 0.001993
58 0.002012
59 0.002026
60 0.002031
61 0.002038
62 0.002042
63 0.002057
64 0.002059
65 0.002103
66 0.002108
67 0.002312
68 0.002166
69 0.002184
70 0.002219
71 0.002220
72 0.002227
73 0.002261
74 0.002445
75 0.002758
76 0.002496
77 0.002324
78 0.002326
79 0.002412
80 0.002369
81 0.002420
82 0.002430
83 0.002453
84 0.002477
85 0.002504
86 0.002509
87 0.002515
88 0.002533
89 0.002555
90 0.002576
91 0.002661
92 0.002608
93 0.002656
94 0.002973
95 0.003205
96 0.002657
97 0.003421
98 0.002818
99 0.002858
100 0.003540
1 0.002976
2 0.002903
3 0.002924
4 0.002809
5 0.002655
6 0.002193
7 0.002143
8 0.001732
9 0.001770
10 0.001707
11 0.001530
12 0.001659
13 0.001571
14 0.001649
15 0.001727
16 0.001395
17 0.001332
18 0.001347
19 0.001545
20 0.001863
21 0.001443
22 0.001514
23 0.001605
24 0.001597
25 0.001512
26 0.001503
27 0.001999
28 0.001636
29 0.001532
30 0.001540
31 0.001665
32 0.002077
33 0.002111
34 0.001662
35 0.001615
36 0.001626
37 0.001653
38 0.001668
39 0.001686
40 0.001703
41 0.001815
42 0.001806
43 0.001745
44 0.001770
45 0.001791
46 0.001804
47 0.001815
48 0.001849
49 0.001851
50 0.001875
51 0.001887
52 0.001902
53 0.001940
54 0.001938
55 0.001956
56 0.001983
57 0.001996
58 0.002025
59 0.002022
60 0.002052
61 0.002041
62 0.002047
63 0.002065
64 0.002073
65 0.002096
66 0.002117
67 0.002138
68 0.002289
69 0.002186
70 0.002213
71 0.002225
72 0.002235
73 0.002270
74 0.002412
75 0.002507
76 0.002340
77 0.002337
78 0.002345
79 0.002355
80 0.002377
81 0.002428
82 0.002436
83 0.002456
84 0.002488
85 0.002502
86 0.002518
87 0.003196
88 0.002642
89 0.002573
90 0.002592
91 0.002617
92 0.002640
93 0.002923
94 0.002767
95 0.002644
96 0.002664
97 0.002696
98 0.002717
99 0.002694
100 0.003300
1 0.011140
2 0.007417
3 0.004315
4 0.003314
5 0.002941
6 0.002484
7 0.002530
8 0.002078
9 0.002046
10 0.001904
11 0.001803
12 0.001848
13 0.001852
14 0.001843
15 0.001836
16 0.001843
17 0.001807
18 0.001919
19 0.001847
20 0.001916
21 0.001944
22 0.001993
23 0.001954
24 0.001974
25 0.001995
26 0.002105
27 0.002090
28 0.002061
29 0.002125
30 0.002126
31 0.002159
32 0.002167
33 0.002189
34 0.002289
35 0.002277
36 0.002242
37 0.002269
38 0.002295
39 0.002435
40 0.002389
41 0.002414
42 0.002411
43 0.002499
44 0.002506
45 0.002541
46 0.002508
47 0.002602
48 0.002636
49 0.002692
50 0.002694
51 0.002865
52 0.002902
53 0.002883
54 0.002829
55 0.002840
56 0.002830
57 0.003095
58 0.002940
59 0.002937
60 0.002994
61 0.003192
62 0.002967
63 0.002982
64 0.002974
65 0.003020
66 0.003160
67 0.003262
68 0.003336
69 0.003217
70 0.003244
71 0.003312
72 0.003258
73 0.003219
74 0.003366
75 0.003232
76 0.003533
77 0.003476
78 0.003649
79 0.003543
80 0.003552
81 0.003642
82 0.003792
83 0.003797
84 0.003689
85 0.003708
86 0.003887
87 0.003869
88 0.003834
89 0.003718
90 0.004008
91 0.004083
92 0.003871
93 0.003869
94 0.003936
95 0.003903
96 0.003876
97 0.004001
98 0.003933
99 0.003888
100 0.004005
1 0.007650
2 0.006962
3 0.005960
4 0.003623
5 0.002900
6 0.002594
7 0.002136
8 0.002048
9 0.002175
10 0.001804
11 0.001708
12 0.001718
13 0.001597
14 0.001485
15 0.001513
16 0.001516
17 0.001567
18 0.001350
19 0.001358
20 0.001367
21 0.001387
22 0.001408
23 0.001417
24 0.001435
25 0.001452
26 0.001507
27 0.001480
28 0.001489
29 0.001512
30 0.001529
31 0.001542
32 0.001566
33 0.001581
34 0.001592
35 0.001601
36 0.001617
37 0.001632
38 0.001657
39 0.001675
40 0.001687
41 0.001696
42 0.001727
43 0.001746
44 0.001758
45 0.001780
46 0.001793
47 0.001816
48 0.001836
49 0.001853
50 0.001866
51 0.001872
52 0.001899
53 0.001932
54 0.001953
55 0.001961
56 0.001969
57 0.001986
58 0.002012
59 0.002027
60 0.002038
61 0.002045
62 0.002084
63 0.002079
64 0.002058
65 0.002551
66 0.002337
67 0.002282
68 0.002155
69 0.002188
70 0.002208
71 0.002250
72 0.002227
73 0.002251
74 0.002259
75 0.002269
76 0.002293
77 0.002320
78 0.002330
79 0.002347
80 0.002360
81 0.002407
82 0.002428
83 0.002444
84 0.002469
85 0.002483
86 0.002509
87 0.002527
88 0.002534
89 0.002540
90 0.002563
91 0.002588
92 0.002591
93 0.002606
94 0.002611
95 0.002625
96 0.002648
97 0.002667
98 0.002688
99 0.002690
100 0.002698
1 0.010515
2 0.009527
3 0.008389
4 0.006681
5 0.007246
6 0.005789
7 0.004958
8 0.005324
9 0.004399
10 0.004606
11 0.004824
12 0.003945
13 0.003869
14 0.003476
15 0.003148
16 0.002824
17 0.002586
18 0.002250
19 0.002380
20 0.002192
21 0.001697
22 0.001632
23 0.001680
24 0.001659
25 0.001741
26 0.001618
27 0.001547
28 0.001753
29 0.001529
30 0.001531
31 0.001555
32 0.001573
33 0.001624
34 0.001590
35 0.001644
36 0.001710
37 0.001877
38 0.001966
39 0.001697
40 0.001686
41 0.001730
42 0.001745
43 0.001740
44 0.001810
45 0.001803
46 0.001817
47 0.001816
48 0.001839
49 0.001846
50 0.001864
51 0.001927
52 0.001910
53 0.001930
54 0.001942
55 0.001969
56 0.001973
57 0.001990
58 0.002014
59 0.002030
60 0.002059
61 0.002044
62 0.002059
63 0.002055
64 0.002072
65 0.002099
66 0.002111
67 0.002145
68 0.002151
69 0.002194
70 0.002212
71 0.002219
72 0.002234
73 0.002266
74 0.002273
75 0.002270
76 0.002315
77 0.002340
78 0.002342
79 0.002500
80 0.002374
81 0.002428
82 0.002446
83 0.002506
84 0.002874
85 0.002693
86 0.002512
87 0.002537
88 0.002590
89 0.002572
90 0.002576
91 0.002601
92 0.002614
93 0.002620
94 0.002637
95 0.002638
96 0.002663
97 0.002663
98 0.002768
99 0.002828
100 0.002635
1 0.007645
2 0.005277
3 0.003499
4 0.002774
5 0.002300
6 0.002094
7 0.001968
8 0.001718
9 0.001741
10 0.001603
11 0.001495
12 0.001510
13 0.001482
14 0.001335
15 0.001336
16 0.001349
17 0.001348
18 0.001340
19 0.001352
20 0.001365
21 0.001384
22 0.001404
23 0.001434
24 0.001458
25 0.001461
26 0.001449
27 0.001477
28 0.001488
29 0.001517
30 0.001528
31 0.001541
32 0.001599
33 0.001732
34 0.001719
35 0.001690
36 0.001612
37 0.001633
38 0.001653
39 0.001686
40 0.001696
41 0.001697
42 0.001719
43 0.001733
44 0.001763
45 0.001780
46 0.001786
47 0.001809
48 0.001832
49 0.001852
50 0.001866
51 0.001893
52 0.001894
53 0.001928
54 0.001942
55 0.001961
56 0.001969
57 0.001987
58 0.002004
59 0.002029
60 0.002033
61 0.002037
62 0.002037
63 0.002061
64 0.002056
65 0.002089
66 0.002107
67 0.002132
68 0.002139
69 0.002174
70 0.002202
71 0.002201
72 0.002214
73 0.002244
74 0.002264
75 0.002263
76 0.002300
77 0.002345
78 0.002322
79 0.002344
80 0.002364
81 0.002410
82 0.002555
83 0.002715
84 0.002522
85 0.002490
86 0.002503
87 0.002541
88 0.002529
89 0.002555
90 0.002559
91 0.002595
92 0.002607
93 0.002609
94 0.002606
95 0.002639
96 0.002637
97 0.002646
98 0.002677
99 0.002680
100 0.002690
1 0.007608
2 0.007477
3 0.007441
4 0.006365
5 0.006135
6 0.005178
7 0.005969
8 0.004837
9 0.004392
10 0.004987
11 0.005148
12 0.005379
13 0.004240
14 0.004090
15 0.003343
16 0.002909
17 0.003091
18 0.002578
19 0.002251
20 0.002317
21 0.002309
22 0.002109
23 0.001938
24 0.001987
25 0.002160
26 0.001965
27 0.001713
28 0.001742
29 0.001747
30 0.001760
31 0.001768
32 0.001579
33 0.001580
34 0.001729
35 0.001595
36 0.001624
37 0.001636
38 0.001658
39 0.001666
40 0.001687
41 0.001698
42 0.001723
43 0.001738
44 0.001759
45 0.001792
46 0.001792
47 0.001809
48 0.001828
49 0.001969
50 0.001899
51 0.001876
52 0.001896
53 0.002380
54 0.002553
55 0.002568
56 0.002226
57 0.001993
58 0.002011
59 0.002045
60 0.002091
61 0.002112
62 0.002047
63 0.002067
64 0.002051
65 0.002105
66 0.002108
67 0.002139
68 0.002158
69 0.002177
70 0.002242
71 0.002193
72 0.002227
73 0.002252
74 0.002256
75 0.002258
76 0.002299
77 0.002321
78 0.002326
79 0.002346
80 0.002356
81 0.002414
82 0.002429
83 0.002449
84 0.002474
85 0.002489
86 0.002505
87 0.002516
88 0.002566
89 0.002555
90 0.002578
91 0.002583
92 0.002595
93 0.002789
94 0.002626
95 0.002626
96 0.003491
97 0.003597
98 0.002832
99 0.002687
100 0.002771
1 0.008081
2 0.007758
3 0.006668
4 0.005810
5 0.005235
6 0.004511
7 0.004509
8 0.004151
9 0.003987
10 0.002853
11 0.002873
12 0.002628
13 0.002248
14 0.002272
15 0.002290
16 0.002091
17 0.001887
18 0.001910
19 0.001930
20 0.001952
21 0.001696
22 0.001683
23 0.001700
24 0.001720
25 0.001782
26 0.001699
27 0.001530
28 0.001544
29 0.001757
30 0.002007
31 0.001925
32 0.001840
33 0.001599
34 0.001614
35 0.001605
36 0.001620
37 0.001670
38 0.001657
39 0.001676
40 0.001686
41 0.001703
42 0.001719
43 0.001737
44 0.001777
45 0.001777
46 0.001788
47 0.001805
48 0.001834
49 0.001848
50 0.001875
51 0.001873
52 0.001906
53 0.001931
54 0.001946
55 0.001960
56 0.001979
57 0.001982
58 0.002036
59 0.002027
60 0.002041
61 0.002032
62 0.002051
63 0.002056
64 0.002087
65 0.002101
66 0.002125
67 0.002138
68 0.002169
69 0.002185
70 0.002216
71 0.002203
72 0.002223
73 0.002258
74 0.002261
75 0.002273
76 0.002298
77 0.002477
78 0.002341
79 0.002349
80 0.002960
81 0.003117
82 0.002629
83 0.003048
84 0.002965
85 0.002732
86 0.002830
87 0.002891
88 0.002603
89 0.003119
90 0.002624
91 0.002599
92 0.002609
93 0.002607
94 0.002620
95 0.002634
96 0.002647
97 0.002654
98 0.002685
99 0.002687
100 0.003027
1 0.006929
2 0.003617
3 0.002839
4 0.002342
5 0.002115
6 0.002114
7 0.001746
8 0.001732
9 0.001734
10 0.001754
11 0.001520
12 0.001517
13 0.001536
14 0.001553
15 0.001495
16 0.001424
17 0.001369
18 0.001388
19 0.001412
20 0.001424
21 0.001423
22 0.001407
23 0.001412
24 0.001440
25 0.001534
26 0.001741
27 0.001731
28 0.001526
29 0.001534
30 0.001518
31 0.001549
32 0.001569
33 0.001572
34 0.001604
35 0.001607
36 0.001618
37 0.001631
38 0.001654
39 0.001661
40 0.001684
41 0.001694
42 0.001722
43 0.001738
44 0.002070
45 0.002229
46 0.001855
47 0.001816
48 0.001832
49 0.001851
50 0.001864
51 0.001886
52 0.001897
53 0.001970
54 0.001951
55 0.001970
56 0.002044
57 0.001988
58 0.002022
59 0.002095
60 0.002035
61 0.002079
62 0.002073
63 0.002116
64 0.002073
65 0.002179
66 0.002117
67 0.002230
68 0.002517
69 0.002464
70 0.002301
71 0.002235
72 0.002224
73 0.002267
74 0.002287
75 0.002269
76 0.002311
77 0.002383
78 0.002405
79 0.002747
80 0.002570
81 0.002422
82 0.002436
83 0.002449
84 0.002476
85 0.002488
86 0.002510
87 0.002507
88 0.002536
89 0.002548
90 0.002572
91 0.002592
92 0.002592
93 0.002602
94 0.002635
95 0.002625
96 0.002645
97 0.002645
98 0.002682
99 0.002672
100 0.002682
1 0.001517
2 0.001529
3 0.001636
4 0.001453
5 0.001443
6 0.001435
7 0.001440
8 0.001529
9 0.001529
10 0.001516
11 0.001534
12 0.001513
13 0.001742
14 0.001676
15 0.001659
16 0.001582
17 0.001458
18 0.001458
19 0.001409
20 0.001361
21 0.001414
22 0.001433
23 0.001463
24 0.001816
25 0.001878
26 0.001761
27 0.001630
28 0.001619
29 0.001795
30 0.001646
31 0.001775
32 0.002280
33 0.002069
34 0.002053
35 0.001750
36 0.001670
37 0.001739
38 0.001712
39 0.001932
40 0.002074
41 0.002211
42 0.002113
43 0.002011
44 0.001825
45 0.001834
46 0.001923
47 0.001840
48 0.002295
49 0.002439
50 0.002713
51 0.002475
52 0.002463
53 0.002579
54 0.002904
55 0.002559
56 0.002708
57 0.002600
58 0.002696
59 0.002725
60 0.002916
61 0.002940
62 0.002951
63 0.002856
64 0.002283
65 0.002747
66 0.003033
67 0.003674
68 0.003336
69 0.003388
70 0.003490
71 0.002959
72 0.002831
73 0.002387
74 0.003144
75 0.002724
76 0.002969
77 0.003125
78 0.003039
79 0.002581
80 0.002423
81 0.002437
82 0.002449
83 0.002461
84 0.003394
85 0.003652
86 0.003497
87 0.002861
88 0.002842
89 0.003218
90 0.003286
91 0.003397
92 0.003005
93 0.003074
94 0.003534
95 0.003572
96 0.003527
97 0.002774
98 0.002994
99 0.003224
100 0.003231
1 0.001418
2 0.001354
3 0.001319
4 0.001311
5 0.001406
6 0.001636
7 0.001584
8 0.001684
9 0.001646
10 0.001409
11 0.001755
12 0.001912
13 0.001955
14 0.002092
15 0.002154
16 0.002020
17 0.002043
18 0.002031
19 0.002063
20 0.002086
21 0.002102
22 0.002208
23 0.002278
24 0.002205
25 0.002144
26 0.002143
27 0.002132
28 0.002200
29 0.002265
30 0.002327
31 0.002273
32 0.002266
33 0.002312
34 0.002319
35 0.002258
36 0.002302
37 0.002456
38 0.002563
39 0.002381
40 0.002359
41 0.002531
42 0.002534
43 0.001862
44 0.002358
45 0.002164
46 0.002062
47 0.001834
48 0.001862
49 0.001946
50 0.001880
51 0.001896
52 0.001913
53 0.001952
54 0.001962
55 0.001973
56 0.001988
57 0.002017
58 0.002288
59 0.002784
60 0.002970
61 0.002471
62 0.002229
63 0.002208
64 0.002118
65 0.002272
66 0.002828
67 0.003763
68 0.003204
69 0.002912
70 0.002385
71 0.002285
72 0.002305
73 0.002302
74 0.002271
75 0.002279
76 0.002304
77 0.002325
78 0.002333
79 0.002341
80 0.002595
81 0.002419
82 0.002430
83 0.002462
84 0.002479
85 0.002493
86 0.002507
87 0.002529
88 0.002540
89 0.002553
90 0.002573
91 0.002599
92 0.002597
93 0.002614
94 0.002626
95 0.002642
96 0.002647
97 0.002905
98 0.003324
99 0.003538
100 0.003132
1 0.007752
2 0.008065
3 0.009623
4 0.004978
5 0.002829
6 0.002670
7 0.002166
8 0.002146
9 0.001798
10 0.001796
11 0.001987
12 0.001883
13 0.001594
14 0.001478
15 0.001343
16 0.001366
17 0.001372
18 0.001397
19 0.001348
20 0.001380
21 0.001401
22 0.001411
23 0.001429
24 0.001665
25 0.001690
26 0.001693
27 0.001571
28 0.001495
29 0.001572
30 0.001534
31 0.001592
32 0.001589
33 0.001590
34 0.001598
35 0.001609
36 0.001610
37 0.001642
38 0.001658
39 0.001673
40 0.001691
41 0.001690
42 0.001722
43 0.001738
44 0.001902
45 0.001788
46 0.001788
47 0.001808
48 0.001840
49 0.001845
50 0.001866
51 0.001882
52 0.001915
53 0.002220
54 0.002231
55 0.002184
56 0.001974
57 0.001989
58 0.002040
59 0.002026
60 0.002037
61 0.002066
62 0.002067
63 0.002078
64 0.002081
65 0.002117
66 0.002135
67 0.002159
68 0.002175
69 0.002227
70 0.002225
71 0.002219
72 0.002243
73 0.002277
74 0.002278
75 0.002292
76 0.002331
77 0.002356
78 0.002349
79 0.002370
80 0.002393
81 0.002433
82 0.002455
83 0.002483
84 0.002499
85 0.002514
86 0.002532
87 0.002548
88 0.002566
89 0.002583
90 0.002754
91 0.002617
92 0.002634
93 0.002631
94 0.002701
95 0.002681
96 0.002672
97 0.002788
98 0.002813
99 0.002906
100 0.003089
1 0.003764
2 0.003870
3 0.003676
4 0.002811
5 0.002569
6 0.002282
7 0.002293
8 0.002077
9 0.002141
10 0.001853
11 0.001388
12 0.001350
13 0.001377
14 0.001386
15 0.001391
16 0.001408
17 0.001425
18 0.001440
19 0.001444
20 0.001463
21 0.001474
22 0.001468
23 0.001427
24 0.001441
25 0.001457
26 0.001469
27 0.001487
28 0.001541
29 0.001521
30 0.001535
31 0.001554
32 0.001590
33 0.001588
34 0.001612
35 0.001615
36 0.001624
37 0.001643
38 0.001659
39 0.001672
40 0.001743
41 0.001784
42 0.001738
43 0.001753
44 0.001776
45 0.001786
46 0.001807
47 0.001823
48 0.001867
49 0.002031
50 0.002051
51 0.002015
52 0.001925
53 0.001939
54 0.001990
55 0.001973
56 0.001994
57 0.001999
58 0.002037
59 0.002039
60 0.002053
61 0.002054
62 0.002053
63 0.002078
64 0.002072
65 0.002107
66 0.002125
67 0.002148
68 0.002178
69 0.002201
70 0.002222
71 0.002230
72 0.002248
73 0.002277
74 0.002274
75 0.002279
76 0.002311
77 0.002336
78 0.002344
79 0.002374
80 0.002379
81 0.002436
82 0.002448
83 0.002474
84 0.002498
85 0.002513
86 0.002535
87 0.002706
88 0.002581
89 0.002572
90 0.002593
91 0.002618
92 0.003233
93 0.003233
94 0.002796
95 0.002643
96 0.002683
97 0.002755
98 0.003499
99 0.003689
100 0.003462
1 0.004554
2 0.002971
3 0.002331
4 0.002098
5 0.002405
6 0.001923
7 0.001714
8 0.001514
9 0.001412
10 0.001463
11 0.001495
12 0.001423
13 0.001431
14 0.001665
15 0.001592
16 0.001527
17 0.001424
18 0.001438
19 0.001463
20 0.001423
21 0.001485
22 0.001433
23 0.001433
24 0.001494
25 0.001744
26 0.001894
27 0.001613
28 0.001533
29 0.001557
30 0.001539
31 0.001573
32 0.001626
33 0.001584
34 0.001670
35 0.001856
36 0.002069
37 0.001868
38 0.001743
39 0.001669
40 0.001704
41 0.001758
42 0.001727
43 0.001798
44 0.001974
45 0.002259
46 0.001942
47 0.001850
48 0.001860
49 0.001869
50 0.001863
51 0.001951
52 0.002288
53 0.002200
54 0.002055
55 0.001991
56 0.001988
57 0.001983
58 0.002099
59 0.002062
60 0.002414
61 0.002312
62 0.002174
63 0.002080
64 0.002071
65 0.002151
66 0.002115
67 0.002297
68 0.002569
69 0.002467
70 0.002225
71 0.002206
72 0.002283
73 0.002257
74 0.002348
75 0.002456
76 0.002605
77 0.002383
78 0.002349
79 0.002453
80 0.002390
81 0.002425
82 0.002451
83 0.002477
84 0.002503
85 0.002514
86 0.002518
87 0.002576
88 0.002939
89 0.002742
90 0.002654
91 0.002625
92 0.002622
93 0.002633
94 0.002631
95 0.002632
96 0.002668
97 0.002683
98 0.002691
99 0.002709
100 0.002714
1 0.002440
2 0.002016
3 0.002163
4 0.001978
5 0.001538
6 0.001597
7 0.001638
8 0.001295
9 0.001302
10 0.001324
11 0.001449
12 0.001408
13 0.001516
14 0.001701
15 0.001561
16 0.001546
17 0.001539
18 0.001588
19 0.001420
20 0.001420
21 0.001386
22 0.001530
23 0.001421
24 0.001757
25 0.001745
26 0.001635
27 0.001667
28 0.001725
29 0.001544
30 0.001544
31 0.001546
32 0.001708
33 0.001583
34 0.001987
35 0.001954
36 0.001856
37 0.001799
38 0.001992
39 0.001701
40 0.001768
41 0.001849
42 0.001878
43 0.002312
44 0.002246
45 0.002380
46 0.002192
47 0.001857
48 0.001860
49 0.001906
50 0.001928
51 0.002468
52 0.002464
53 0.002365
54 0.002258
55 0.001997
56 0.002105
57 0.002016
58 0.002548
59 0.002360
60 0.002342
61 0.002169
62 0.002072
63 0.002064
64 0.002224
65 0.002532
66 0.002356
67 0.002375
68 0.002324
69 0.002219
70 0.002211
71 0.002353
72 0.002653
73 0.002488
74 0.002620
75 0.002261
76 0.002302
77 0.002369
78 0.002417
79 0.002928
80 0.002628
81 0.002612
82 0.002578
83 0.002454
84 0.002547
85 0.002614
86 0.003000
87 0.003337
88 0.002530
89 0.002553
90 0.002606
91 0.002710
92 0.003340
93 0.002844
94 0.002619
95 0.002620
96 0.002767
97 0.002789
98 0.003424
99 0.002970
100 0.002802
1 0.005865
2 0.005782
3 0.005729
4 0.004318
5 0.003004
6 0.002783
7 0.002458
8 0.002396
9 0.002100
10 0.002061
11 0.001587
12 0.001307
13 0.001324
14 0.001355
15 0.001309
16 0.001328
17 0.001338
18 0.001348
19 0.001362
20 0.001377
21 0.001393
22 0.001535
23 0.001432
24 0.001437
25 0.001457
26 0.001472
27 0.001487
28 0.001511
29 0.001628
30 0.001681
31 0.001648
32 0.001594
33 0.001600
34 0.001605
35 0.001615
36 0.001633
37 0.001643
38 0.001667
39 0.001679
40 0.001697
41 0.001714
42 0.001738
43 0.001748
44 0.001780
45 0.001787
46 0.001818
47 0.001847
48 0.001847
49 0.001850
50 0.001878
51 0.001892
52 0.001913
53 0.001935
54 0.001961
55 0.001966
56 0.001979
57 0.001997
58 0.002028
59 0.002032
60 0.002107
61 0.002167
62 0.002373
63 0.002383
64 0.002496
65 0.002484
66 0.002385
67 0.002221
68 0.002167
69 0.002251
70 0.003797
71 0.003274
72 0.003300
73 0.003202
74 0.003351
75 0.002322
76 0.002540
77 0.002720
78 0.002631
79 0.002896
80 0.002616
81 0.002492
82 0.002508
83 0.002705
84 0.002887
85 0.002509
86 0.002537
87 0.002624
88 0.002591
89 0.003243
90 0.003228
91 0.002630
92 0.002638
93 0.002715
94 0.002702
95 0.003418
96 0.003074
97 0.002692
98 0.003008
99 0.002934
100 0.003639
1 0.187762
2 0.179623
3 0.176788
4 0.176078
5 0.175047
6 0.173918
7 0.175447
8 0.175240
9 0.176551
10 0.178290
11 0.178881
12 0.181639
13 0.183734
14 0.184207
15 0.185057
16 0.186944
17 0.189599
18 0.189536
19 0.191497
20 0.193984
21 0.194156
22 0.194882
23 0.199058
24 0.198151
25 0.199933
26 0.203260
27 0.202728
28 0.204740
29 0.206644
30 0.207397
31 0.209975
32 0.210496
33 0.212213
34 0.214574
35 0.216158
36 0.216849
37 0.219958
38 0.220006
39 0.221680
40 0.224703
41 0.224693
42 0.227649
43 0.227922
44 0.229722
45 0.231906
46 0.233180
47 0.234707
48 0.237086
49 0.238125
50 0.240635
51 0.241226
52 0.244293
53 0.247509
54 0.251176
55 0.253677
56 0.254561
57 0.256729
58 0.258321
59 0.261112
60 0.260859
61 0.263849
62 0.267695
63 0.259229
64 0.261638
65 0.261993
66 0.264775
67 0.270494
68 0.269267
69 0.271024
70 0.272142
71 0.274632
72 0.275658
73 0.278377
74 0.278573
75 0.281234
76 0.281926
77 0.283120
78 0.286537
79 0.287188
80 0.288596
81 0.290035
82 0.291885
83 0.292936
84 0.294066
85 0.297214
86 0.297807
87 0.299915
88 0.301134
89 0.302762
90 0.304512
91 0.306668
92 0.311325
93 0.312838
94 0.314623
95 0.314967
96 0.320196
97 0.351626
98 0.418427
99 0.370325
100 0.354500
